0 4 0 14 0 0 8 0 0 0 6 0 1 0 13 0
0 0 0 0 5 0 0 14 0 3 0 0 0 10 0 0
7 11 0 0 9 1 0 0 5 0 2 0 15 0 0 16
0 15 3 8 7 11 10 6 0 0 12 13 0 0 0 0
0 5 0 0 0 0 3 8 7 11 0 6 0 0 12 0
0 0 1 12 0 5 0 2 0 0 3 0 7 0 10 6
0 0 11 0 0 9 1 12 0 0 0 2 0 0 0 8
0 0 15 0 0 0 0 0 0 9 0 0 0 5 0 0
0 0 0 4 0 0 15 0 6 7 0 0 0 0 0 12
0 0 0 0 2 0 0 4 0 0 15 3 0 7 0 10
0 0 0 0 0 0 0 0 0 14 0 0 0 0 15 0
0 0 16 15 0 0 0 0 12 0 0 0 0 0 5 0
4 0 0 0 0 0 16 0 0 0 0 0 0 0 9 0
1 0 0 0 4 2 14 0 0 8 0 0 0 0 7 0
11 0 0 0 1 0 13 9 4 0 0 0 3 8 16 15
0 0 8 16 11 0 6 0 0 12 0 9 4 2 0 0
