13 2 16 0 0 0 7 0 0 0 1 0 0 0 0 0
0 0 14 5 13 2 16 9 3 4 0 0 0 11 1 0
0 15 0 0 0 0 14 5 13 0 0 0 0 4 0 0
6 0 0 0 0 15 0 0 8 0 0 5 0 2 0 0
9 0 0 0 6 3 4 0 0 0 0 0 8 10 0 5
5 0 10 0 0 0 2 16 0 0 4 0 0 15 11 0
0 12 15 11 5 8 0 0 0 13 0 0 0 0 4 0
0 0 0 4 1 0 0 0 0 8 0 0 0 0 2 0
0 0 0 0 7 6 0 4 0 0 0 11 0 0 0 0
14 5 0 0 0 9 0 0 0 6 3 4 0 12 0 0
0 0 0 0 0 5 0 0 0 9 0 0 0 0 3 0
4 7 0 0 0 1 12 15 0 5 0 0 16 9 0 2
2 16 0 13 4 0 6 0 0 1 0 0 0 5 8 0
10 0 0 8 0 16 9 13 0 7 0 3 11 1 0 0
15 0 0 0 10 14 5 0 0 0 0 13 0 0 0 0
0 0 0 6 0 0 0 12 10 14 0 0 2 16 9 0
