14 2 0 0 21 0 0 0 0 15 0 17 0 13 22 0 25 0 0 0 4 8 6 0 0
0 4 0 0 0 14 2 0 10 21 16 0 0 0 0 7 17 0 13 0 24 0 12 0 0
0 24 25 0 11 0 4 0 0 0 14 0 0 10 21 16 0 9 3 0 0 17 0 13 0
0 7 0 20 0 0 0 0 0 0 0 0 8 0 0 0 2 0 10 0 0 0 0 0 15
0 0 0 0 0 0 7 0 0 0 0 0 0 0 11 23 0 0 0 0 0 0 0 10 0
0 0 0 0 0 0 16 19 0 0 0 0 0 0 13 1 24 25 0 0 0 4 8 0 0
0 0 0 0 0 0 14 2 0 10 15 16 19 0 3 0 7 17 0 13 0 0 0 0 0
11 0 0 25 12 0 23 4 8 0 21 14 2 5 0 15 0 0 9 0 22 7 0 0 0
0 0 0 17 0 0 0 0 0 0 0 23 4 8 0 21 0 0 0 0 15 16 0 9 0
3 15 16 0 9 13 0 7 0 20 11 1 0 25 0 0 23 0 0 0 0 14 2 0 0
10 21 14 0 5 3 15 16 0 9 13 0 0 17 0 11 1 0 0 12 18 0 4 8 0
0 18 0 4 0 10 0 0 2 0 0 0 16 19 0 13 0 0 17 0 0 0 0 25 0
0 11 1 24 25 0 18 0 0 8 10 0 0 0 5 0 0 0 19 9 0 0 7 17 0
20 0 0 0 0 0 0 0 0 0 0 18 23 0 8 0 0 14 0 0 3 0 16 19 0
9 3 15 16 0 0 13 22 0 0 0 0 0 24 25 6 0 0 0 0 0 0 0 2 5
0 0 0 0 2 0 3 0 16 19 20 0 0 0 0 0 0 0 24 25 6 18 0 4 8
8 6 0 0 4 5 0 0 0 0 9 0 15 16 19 0 0 0 0 17 0 11 0 24 0
25 12 0 1 24 0 6 18 0 4 5 10 0 14 0 0 0 15 0 19 20 13 0 0 17
0 0 13 22 7 0 0 0 1 24 8 0 18 0 4 0 0 0 0 0 0 3 15 0 19
19 0 0 0 0 0 0 13 22 7 0 0 11 1 24 0 0 0 0 4 0 0 0 0 0
2 5 10 21 14 0 0 3 0 0 0 0 0 22 7 0 12 0 0 0 0 6 18 23 0
4 8 0 18 0 0 0 10 21 14 0 9 3 0 0 17 0 0 0 7 25 12 11 0 0
24 0 0 0 0 0 0 0 0 0 0 0 0 0 14 0 0 0 0 16 17 0 0 0 0
0 0 20 0 0 0 0 12 0 0 0 0 0 18 23 0 5 0 0 0 0 9 3 0 0
16 19 9 3 0 0 17 20 0 0 0 25 0 0 0 0 8 6 0 0 0 5 0 21 0
