9 0 21 15 0 5 0 0 0 3 0 4 1 0 18 0 0 2 23 0 14 11 0 0 0
22 0 0 0 0 9 25 0 0 6 0 10 0 0 3 0 0 0 24 0 0 20 2 23 0
0 0 0 0 0 0 14 11 0 0 0 25 21 15 0 0 10 0 0 0 0 0 0 0 18
18 0 0 0 0 0 8 20 0 0 0 0 0 16 12 0 0 0 15 0 0 0 0 13 3
0 5 10 0 13 0 17 0 0 0 0 0 0 0 0 22 0 0 0 0 0 25 21 15 0
0 0 0 21 15 0 0 0 7 0 0 17 0 0 0 0 0 0 0 0 22 0 0 0 0
0 0 14 0 16 0 0 0 0 0 0 5 10 0 0 0 0 4 0 24 0 8 0 0 0
0 0 0 0 2 12 0 0 0 0 0 0 0 0 0 0 5 10 0 0 0 0 0 0 0
24 0 0 0 0 0 0 0 0 2 12 0 14 0 16 6 0 25 21 0 3 0 0 0 0
0 0 5 0 0 0 0 0 0 0 0 19 0 0 2 12 0 0 11 16 0 0 25 21 15
15 0 9 25 0 0 0 0 0 0 24 0 17 0 0 0 0 0 0 0 12 22 14 0 16
0 0 22 0 0 0 6 9 25 0 0 3 5 0 7 24 0 0 0 0 23 19 0 0 0
2 0 0 8 20 0 0 0 0 11 0 0 0 0 21 13 3 0 0 7 24 18 0 0 1
0 24 0 0 0 0 23 19 8 0 16 12 0 14 0 0 0 9 0 0 0 0 0 10 7
7 0 3 0 0 0 24 0 17 0 0 23 0 0 0 0 0 22 14 11 0 0 9 0 0
0 0 0 0 25 7 0 0 0 0 0 24 0 17 0 0 0 0 0 0 0 0 22 0 11
0 0 0 0 14 21 0 0 0 25 7 13 0 0 10 1 24 18 17 0 0 0 0 0 0
20 2 23 19 0 0 0 12 0 0 0 0 0 0 0 0 0 0 5 0 0 0 0 0 0
0 0 24 0 0 20 2 23 0 0 11 0 0 22 0 21 0 6 0 0 7 0 0 5 0
0 0 0 0 0 4 1 24 0 17 0 0 23 0 0 0 16 12 22 0 0 0 0 9 25
0 0 0 6 0 0 0 13 0 0 4 0 0 0 0 0 0 23 0 0 0 0 0 22 0
0 11 0 12 0 25 21 0 0 0 0 7 13 0 0 4 0 0 18 17 0 0 23 0 8
0 0 0 0 19 0 0 0 0 0 0 0 0 6 9 10 0 13 3 5 4 0 0 0 0
0 0 0 24 18 0 20 2 0 19 0 0 0 12 0 25 0 0 0 0 10 0 0 3 0
0 10 7 0 0 0 0 1 24 0 8 20 2 0 0 0 0 0 0 0 25 0 0 0 0
