0 3 0 0 0 0 0 11 16 0 0 0 15 0 0 0 0 12 10 0 9 0 0 0 2
0 0 0 0 0 0 3 21 0 0 0 0 11 16 0 14 24 15 17 0 0 18 12 10 0
0 0 18 0 0 2 0 0 0 4 25 3 21 0 13 0 0 0 16 1 0 24 0 0 23
23 14 0 0 0 0 0 0 0 0 2 0 0 8 0 25 0 0 6 0 0 22 11 0 0
1 0 0 0 0 0 14 24 15 0 0 0 0 12 10 2 0 7 0 4 25 0 0 6 0
0 25 0 0 6 0 0 22 11 16 0 0 24 0 0 5 0 18 0 0 0 0 7 0 0
0 2 0 0 8 13 25 3 0 6 1 20 22 0 16 23 14 24 0 0 0 19 0 0 10
0 5 19 0 12 4 0 9 0 0 0 25 3 21 0 0 20 22 0 0 23 0 0 0 17
0 0 0 0 15 0 5 19 18 0 0 2 9 7 0 0 0 3 0 0 0 20 0 0 0
16 1 0 0 11 17 0 14 0 0 10 0 0 0 0 0 2 0 7 8 13 25 0 0 0
0 13 25 3 21 0 1 0 0 0 0 23 14 24 0 0 0 19 18 12 4 2 0 0 8
8 4 0 0 7 0 0 0 0 0 0 0 0 22 0 0 0 0 0 0 0 0 0 0 12
12 0 0 0 0 0 0 0 0 7 0 13 0 0 0 16 1 20 0 0 0 0 0 0 0
15 17 0 0 0 0 0 0 0 18 0 4 2 9 0 6 0 25 0 0 0 0 0 22 11
0 0 0 20 0 0 17 23 0 24 0 10 0 0 18 8 0 2 9 0 6 13 25 3 0
21 0 0 25 3 0 0 0 20 0 0 0 0 14 0 0 10 0 19 18 0 4 0 9 7
0 8 0 2 9 21 6 13 0 3 0 16 1 0 0 0 17 23 14 24 12 10 5 19 0
0 0 10 5 0 0 0 0 0 0 0 0 13 25 3 11 0 1 0 0 15 0 0 0 0
24 15 0 23 0 0 12 0 0 0 0 8 4 0 0 0 6 13 0 0 11 16 1 0 0
22 0 0 0 0 24 15 0 0 14 0 0 0 0 0 0 0 0 2 0 0 0 13 0 3
3 21 0 0 0 22 0 0 1 20 0 0 0 0 14 18 12 0 5 19 0 0 0 0 0
0 7 0 4 2 3 21 0 0 0 0 0 16 0 20 0 15 0 0 14 0 12 10 0 0
0 18 12 0 5 0 0 8 4 2 0 0 0 13 0 22 11 0 1 20 0 0 17 23 14
0 0 0 0 0 0 0 12 10 0 9 0 8 4 0 3 21 6 0 0 22 11 0 1 20
20 22 0 0 1 14 0 0 17 23 0 18 0 0 0 0 0 8 0 2 0 0 0 13 0
