0 18 25 0 0 21 0 15 0 0 17 0 0 0 2 16 0 0 8 0 0 3 5 9 0
23 19 3 0 0 0 0 0 11 0 0 0 15 0 0 0 0 0 10 0 16 0 24 8 4
0 16 6 24 8 0 0 0 0 9 14 18 0 11 0 0 0 15 0 0 17 0 7 10 0
0 0 12 0 10 4 16 6 24 8 0 0 3 5 0 0 18 25 0 0 0 0 15 22 0
0 0 1 15 22 2 0 12 7 0 4 0 6 0 0 0 0 3 0 9 0 18 0 0 0
20 0 18 25 0 0 0 0 0 0 2 0 12 0 10 0 0 0 0 8 0 0 0 0 0
9 23 19 0 5 20 14 0 0 0 0 0 1 15 0 2 0 0 0 0 0 16 0 24 0
0 4 0 6 0 9 0 0 3 5 0 14 18 0 0 13 21 1 15 22 0 0 12 0 0
10 2 0 0 7 8 0 0 0 24 0 0 19 3 5 0 14 0 0 11 13 0 1 15 0
22 0 0 0 0 10 2 0 0 0 0 4 0 0 24 0 23 19 3 0 0 0 18 0 11
0 0 0 0 25 22 13 21 1 15 10 0 0 0 7 0 4 16 6 24 9 0 0 3 0
0 0 0 19 0 11 20 0 0 0 22 13 0 0 0 10 2 0 0 7 0 4 0 0 0
0 0 4 0 0 0 0 23 19 0 11 20 0 0 25 22 13 21 1 15 0 0 17 0 0
7 10 0 0 0 24 0 0 16 0 5 0 0 19 0 11 20 0 18 0 0 13 21 1 0
0 0 13 21 1 7 10 0 17 12 24 8 0 0 0 0 9 0 0 3 11 0 0 18 25
25 0 0 0 0 15 22 0 21 0 0 10 2 0 0 0 8 0 16 0 5 9 23 19 0
3 5 0 0 19 0 11 20 14 18 0 0 13 21 1 7 10 0 17 12 24 0 4 16 6
6 0 8 0 0 0 5 9 0 19 0 0 0 0 0 0 22 0 21 1 0 10 0 0 12
0 0 0 0 0 6 0 0 4 0 0 5 9 0 0 0 11 0 0 0 15 22 13 0 0
1 0 22 0 0 0 0 10 2 17 0 0 8 0 0 3 5 0 0 0 0 11 0 0 0
0 0 11 20 0 0 15 0 13 0 0 0 0 2 17 0 24 0 0 16 0 5 0 0 19
0 3 5 0 23 18 0 11 0 14 0 15 0 0 0 12 0 0 0 0 6 0 0 0 0
0 6 0 8 4 19 3 5 0 23 0 0 0 20 14 0 15 22 0 0 0 0 10 2 17
0 12 0 10 0 16 0 24 8 0 19 0 5 9 23 0 25 0 20 14 0 15 0 0 21
21 0 15 0 13 0 0 0 0 0 0 6 24 0 0 19 3 0 9 23 18 25 11 20 14
