1 2 0 0 0 0 0 0 7 0 0 0 0 9 0 0 20 19 22 0 0 0 0 0 17
17 0 0 10 0 1 0 8 15 0 12 0 0 0 0 0 0 0 9 0 21 20 0 0 0
18 0 20 0 22 0 0 0 0 24 1 0 0 0 0 0 6 0 7 0 3 0 11 9 0
0 3 0 11 0 18 21 0 0 0 0 0 23 10 0 0 2 0 0 5 12 0 0 0 0
16 12 0 4 0 0 0 0 0 0 0 0 0 0 0 0 0 0 0 0 1 2 0 0 5
0 0 0 0 0 16 0 0 0 7 13 0 0 0 0 18 0 0 0 0 0 0 0 10 24
0 0 0 0 0 0 1 0 8 0 0 0 6 0 0 0 3 14 0 9 18 0 0 0 0
0 18 21 0 19 0 0 25 23 0 5 0 0 0 0 0 12 0 4 7 13 3 0 0 0
9 0 0 0 11 0 18 0 0 19 0 17 25 0 0 5 1 2 0 0 16 12 0 0 7
7 0 0 0 4 9 0 0 14 0 0 0 0 20 0 24 0 0 23 0 5 0 0 0 15
0 0 0 0 8 0 16 0 0 0 0 13 0 14 0 0 18 21 0 19 24 17 0 0 0
0 24 17 25 23 0 0 0 0 0 0 16 12 0 0 0 13 3 0 0 22 18 0 20 0
0 22 0 21 0 10 24 0 25 23 0 5 0 0 8 7 16 12 0 4 9 0 0 14 0
11 0 13 0 0 0 22 0 0 0 0 0 0 0 0 15 0 0 2 0 0 0 12 6 4
0 7 0 0 6 0 0 0 0 0 19 0 0 21 0 10 0 0 0 0 0 0 0 2 8
0 15 0 0 0 0 0 0 0 0 0 0 13 0 0 19 22 18 0 0 0 0 0 25 0
0 10 24 17 25 0 15 5 0 0 0 0 16 0 6 0 9 0 3 14 19 0 0 21 0
20 0 22 0 0 23 10 24 17 0 8 0 0 0 0 4 7 16 0 6 0 0 13 3 14
14 11 9 0 0 20 19 0 0 0 0 0 24 0 25 0 0 0 0 0 4 0 0 12 0
0 0 7 16 0 0 11 9 0 3 0 19 22 0 0 0 10 0 0 0 8 0 0 1 2
0 0 0 0 1 0 4 0 0 0 0 0 0 0 0 20 19 22 0 21 0 0 24 0 0
0 23 10 24 0 2 0 0 0 0 6 4 0 16 12 14 11 9 13 3 0 19 0 0 0
0 20 19 22 0 25 23 0 0 17 0 8 0 0 1 0 4 0 16 12 0 0 9 0 0
0 0 11 9 0 0 20 0 22 18 25 0 0 24 17 2 8 0 5 1 6 4 7 16 0
0 0 0 0 16 0 0 0 9 13 0 20 19 0 0 25 23 0 24 0 0 8 0 0 0
