14 0 0 0 5 1 0 0 0 0 16 0 4 13 0 9
9 0 0 7 14 0 0 2 0 0 0 0 0 0 0 0
6 10 8 0 0 0 0 0 0 0 11 2 0 0 0 0
0 5 0 12 0 0 8 0 9 4 13 7 0 0 11 2
0 14 3 0 15 5 0 0 6 10 8 0 0 4 13 0
7 9 0 13 0 14 0 0 15 5 0 0 6 10 8 0
16 6 0 8 0 0 4 0 2 0 0 11 0 0 0 0
0 0 5 1 0 0 0 0 0 0 4 0 2 14 0 0
11 0 0 0 0 15 5 0 16 0 10 0 7 0 4 0
0 0 0 4 0 0 0 0 0 15 5 1 16 6 10 0
0 0 6 0 13 0 0 4 0 0 0 3 0 0 0 1
1 0 0 0 0 16 6 0 13 7 0 4 0 0 0 0
0 0 0 0 0 12 0 0 8 16 0 0 0 0 0 4
4 0 0 9 3 11 0 0 0 0 0 0 0 0 0 0
0 0 0 6 4 13 7 9 0 0 2 0 1 0 15 0
0 1 0 15 10 0 16 0 0 13 0 9 0 0 2 14
