16 0 11 3 0 0 13 0 0 9 4 6 0 0 7 0
1 2 0 0 16 0 0 3 12 15 13 0 0 0 4 0
6 0 9 4 0 2 0 0 0 0 0 0 12 15 0 8
8 12 15 13 0 0 0 4 1 0 10 0 16 0 11 3
0 0 5 0 8 0 0 0 0 14 9 4 0 2 10 0
7 0 0 10 3 0 5 0 8 0 15 13 6 14 0 4
4 6 14 9 7 1 0 10 3 0 0 0 0 12 15 13
0 8 0 15 4 6 14 9 7 0 0 0 0 16 0 11
11 0 16 0 0 0 12 15 4 6 0 9 7 0 0 10
10 0 1 0 0 3 16 0 13 0 0 0 0 6 14 9
9 0 0 14 0 0 0 2 0 0 0 5 13 8 0 0
15 0 0 12 9 4 0 0 10 7 0 2 0 3 0 0
5 0 3 0 15 13 0 0 9 4 0 0 0 0 0 0
2 0 0 0 5 11 3 0 15 0 0 0 9 0 0 0
14 9 4 6 2 10 0 0 0 0 0 16 15 0 0 0
0 15 13 0 0 0 4 6 2 10 0 1 5 0 3 16
