3 10 0 0 0 0 0 0 0 0 12 7 8 15 13 0
0 0 0 0 3 0 0 0 0 0 0 1 0 0 12 0
7 11 5 12 16 8 15 13 0 10 4 6 0 14 9 0
0 0 14 0 7 11 0 0 16 8 15 0 3 0 0 0
0 0 10 4 1 2 14 9 0 11 0 0 16 0 15 0
0 0 8 0 0 3 0 4 0 0 0 9 7 11 0 0
0 0 11 5 0 16 0 0 6 3 10 0 0 2 0 0
0 1 0 14 12 7 0 0 13 0 8 15 0 0 0 0
4 0 0 10 0 0 2 0 0 7 11 0 0 16 8 15
15 0 16 0 0 6 0 10 9 1 0 14 0 0 11 5
5 12 7 0 15 0 0 8 4 0 0 0 9 0 0 14
14 9 1 2 0 12 0 0 0 13 0 8 4 0 3 0
10 4 0 0 14 0 1 0 5 12 0 0 0 13 0 0
8 15 13 0 10 4 6 3 0 0 1 0 5 12 7 11
11 0 12 0 0 0 13 0 0 0 6 0 0 0 1 0
0 14 0 1 11 5 0 7 0 0 13 16 0 4 6 0
