1 14 0 4 0 2 0 3 0 7 11 10 0 12 8 0
0 5 12 0 1 14 16 4 0 0 9 0 0 0 11 0
10 13 7 0 0 5 0 8 0 14 16 0 6 2 0 0
3 0 2 9 0 0 7 11 0 5 12 0 0 14 16 0
4 1 0 0 3 6 2 0 10 13 7 0 15 0 12 8
0 0 5 0 0 0 14 0 0 0 2 9 10 0 0 11
11 0 13 0 8 15 0 12 0 1 14 0 0 6 0 9
9 3 6 2 0 10 0 7 0 15 0 12 0 1 14 0
0 4 1 14 0 0 0 0 11 0 0 7 8 0 0 12
12 0 0 5 16 0 1 14 0 3 6 2 0 0 13 7
0 11 0 0 0 8 0 5 16 4 1 14 0 3 6 0
2 9 0 6 0 11 0 0 12 0 15 0 0 4 1 14
14 16 4 1 0 9 0 0 0 11 0 13 0 8 15 0
0 12 0 15 0 16 4 0 2 9 3 0 0 11 10 13
13 7 11 10 5 0 8 15 0 16 0 1 2 9 3 6
0 2 9 3 0 0 11 0 5 0 0 0 0 0 4 1
