4 0 5 3 13 0 16 0 0 1 0 10 2 11 15 0
0 2 0 0 4 6 0 3 0 0 16 12 0 1 0 10
10 0 0 0 9 0 11 15 4 0 0 3 13 8 16 12
12 13 8 0 10 14 1 7 0 2 11 15 4 6 5 3
3 0 0 5 12 13 0 0 0 14 0 7 0 0 0 15
15 9 0 11 0 0 0 5 0 0 8 16 10 14 1 7
7 10 0 1 15 9 2 11 0 0 0 0 0 0 8 16
16 0 13 0 7 10 0 1 15 9 0 11 0 4 0 5
5 3 0 0 16 0 13 0 7 0 0 0 15 9 2 0
11 15 9 0 0 3 0 6 16 12 0 8 0 10 14 0
1 7 10 14 11 15 9 2 0 0 4 0 16 0 13 0
8 0 0 0 1 0 10 0 0 15 9 2 5 0 0 6
6 5 0 4 0 16 12 13 0 0 10 0 11 0 0 2
2 0 15 9 6 5 3 4 8 16 12 13 0 0 0 14
14 0 0 0 0 0 0 9 0 5 3 0 0 0 12 13
0 8 0 0 14 0 0 0 2 11 0 0 6 0 0 0
