7 0 0 21 0 20 0 0 0 0 15 0 12 0 5 0 0 11 18 0 0 0 0 3 1
0 0 0 8 0 7 0 17 21 23 0 0 14 4 0 0 0 12 16 0 0 24 0 0 0
0 22 24 0 18 1 0 2 8 0 0 0 17 21 0 0 10 14 4 0 15 25 12 0 5
0 0 0 12 0 6 22 0 11 0 0 19 2 0 0 0 0 17 21 0 0 10 14 0 0
13 20 10 0 0 5 0 0 12 16 6 22 24 0 18 1 19 0 0 0 7 9 0 0 23
0 0 9 0 21 13 0 10 14 0 5 15 25 0 0 0 0 24 0 0 1 0 0 0 0
3 0 19 2 8 0 0 9 17 21 13 20 10 0 0 5 15 0 0 16 0 0 0 0 0
0 6 22 0 11 0 0 0 0 0 0 7 0 17 21 13 0 0 14 4 0 15 25 12 16
0 0 0 0 0 0 6 0 0 0 0 1 19 0 8 0 0 9 17 21 13 20 0 0 0
4 13 0 10 0 0 5 15 25 0 0 6 22 0 0 3 0 0 2 0 23 0 0 17 0
21 23 0 0 17 4 0 20 0 0 0 0 15 0 12 18 0 22 24 11 3 0 19 2 8
8 0 1 19 0 0 0 7 9 0 4 0 0 0 0 16 5 15 25 0 18 0 0 0 11
11 18 6 0 0 0 3 0 19 0 0 0 0 0 0 0 13 20 10 14 16 0 15 0 12
12 0 0 0 25 11 18 6 22 0 8 0 0 0 2 0 23 0 0 0 0 0 0 0 0
0 4 13 0 10 0 16 5 15 0 11 18 0 22 24 8 0 1 19 2 21 0 0 9 17
17 0 23 7 9 14 0 13 0 10 12 16 5 0 25 11 0 6 0 24 0 0 1 0 0
0 8 3 1 19 0 0 23 7 9 14 4 0 20 10 0 16 5 0 25 0 18 0 22 24
24 0 0 6 22 0 8 0 1 0 0 21 23 7 0 14 0 13 20 0 0 16 5 15 0
0 12 16 5 15 24 11 18 6 22 2 8 0 1 0 0 21 23 7 9 0 0 0 20 10
0 14 0 13 20 0 0 16 0 15 24 0 0 6 22 0 8 3 1 0 17 0 23 7 9
0 17 0 0 0 0 14 4 0 20 25 0 0 5 0 0 0 0 6 0 2 0 3 1 0
0 0 0 0 0 9 17 0 23 0 0 14 4 13 0 0 0 0 0 15 0 11 0 6 22
22 0 0 0 6 0 2 8 0 0 0 17 0 0 0 0 14 4 0 20 0 12 16 0 0
15 25 0 0 5 22 24 11 18 0 0 2 0 0 1 9 0 0 0 7 10 14 0 13 0
20 0 0 4 13 0 0 0 0 0 22 24 0 18 6 0 2 8 0 1 9 17 21 0 7
