17 22 0 23 0 0 0 25 11 13 9 0 0 0 5 12 7 19 0 1 6 0 0 0 0
0 0 10 15 0 0 0 8 23 0 0 14 25 11 0 9 0 0 0 5 0 0 0 24 1
1 12 0 19 24 4 0 0 15 2 17 0 8 0 20 0 14 25 0 13 9 0 16 21 0
5 9 18 16 21 1 0 0 19 24 0 6 0 0 2 17 22 0 23 20 0 14 0 11 0
13 3 14 0 0 0 0 18 16 0 1 0 7 0 24 0 0 0 0 2 17 22 0 23 0
20 17 0 8 23 0 0 14 25 11 5 9 18 0 21 0 0 7 19 0 0 6 0 15 2
0 0 6 10 0 20 0 0 0 23 13 3 14 25 11 5 0 18 0 0 0 0 7 19 0
0 1 0 7 0 0 4 6 0 15 0 0 22 8 0 0 3 14 0 0 5 0 18 0 0
21 0 9 18 16 0 0 12 0 19 2 0 6 10 0 20 17 22 8 23 0 3 0 25 0
0 0 0 14 25 0 5 0 18 0 0 1 0 7 0 2 4 0 0 15 0 17 0 0 0
23 0 0 22 8 0 0 0 0 25 0 0 9 18 16 24 1 12 0 19 0 4 0 0 0
15 2 0 0 0 23 20 0 0 0 0 0 0 0 25 0 5 0 18 16 0 1 12 0 0
0 0 0 12 0 15 2 4 6 0 0 20 0 22 8 0 13 0 0 0 0 5 0 18 16
0 0 5 0 18 19 0 0 0 0 0 2 4 6 10 0 20 17 0 0 0 13 0 14 0
0 0 0 0 0 0 21 5 9 0 0 24 1 12 0 15 0 0 6 10 23 0 0 0 0
8 23 0 0 0 25 0 0 3 0 0 21 0 9 0 19 0 0 12 7 0 0 4 0 0
0 15 0 4 0 8 23 20 0 22 25 0 13 3 0 16 0 0 9 18 0 24 1 0 7
0 19 0 0 12 10 0 0 4 0 8 0 20 17 0 25 11 0 0 0 0 21 5 9 0
0 0 0 5 0 7 0 0 0 12 10 15 2 4 0 8 23 0 17 22 0 11 0 0 0
14 0 11 13 3 18 0 21 0 0 7 19 24 0 12 10 15 0 4 0 0 23 20 17 0
0 8 0 0 17 0 25 11 13 0 18 16 21 5 9 0 19 0 1 0 10 15 0 4 0
0 0 0 2 0 22 8 23 20 17 0 0 0 13 3 18 16 21 5 0 7 19 0 1 0
0 7 0 0 0 0 10 0 0 0 22 8 23 0 17 0 25 11 13 3 18 0 0 0 9
0 18 16 0 5 12 7 19 24 1 0 10 0 2 0 0 0 23 20 0 0 25 11 13 3
3 14 25 0 0 9 18 16 21 5 12 0 0 24 1 0 0 15 2 0 22 0 23 20 17
