0 20 22 0 21 16 23 7 12 0 0 0 0 0 9 0 0 10 24 19 0 0 0 17 11
11 1 6 0 17 15 0 0 0 0 16 23 7 0 0 0 8 0 0 0 4 13 10 24 0
19 4 0 10 0 0 1 0 0 17 0 20 22 25 0 16 0 0 0 2 18 0 0 0 9
9 0 8 0 3 19 4 13 0 24 0 1 0 5 0 15 0 22 0 21 16 0 0 0 2
2 16 0 0 12 9 0 0 14 3 19 0 13 10 24 11 1 6 5 0 0 20 0 25 21
0 15 0 0 25 2 0 0 0 0 0 18 8 0 0 0 0 0 10 0 11 0 0 5 0
0 11 0 6 0 21 15 0 0 0 0 16 23 0 0 9 18 0 0 0 0 0 0 10 24
0 19 0 13 10 0 11 1 0 0 0 15 0 0 0 2 16 0 0 0 9 0 8 14 0
3 0 18 0 14 0 19 0 0 10 0 0 0 0 0 0 0 0 0 25 0 0 23 0 12
0 2 16 0 0 3 0 18 8 0 24 19 0 0 0 17 11 0 6 5 21 0 0 0 25
25 0 0 0 22 12 0 16 0 0 3 9 18 8 0 0 0 0 13 10 17 11 1 0 0
5 17 11 0 0 25 0 15 0 22 12 2 16 0 7 0 9 18 0 14 0 19 0 13 10
10 24 0 0 0 5 0 11 0 6 25 21 15 20 0 12 0 0 23 0 3 9 0 0 0
0 3 0 18 8 0 24 0 4 13 0 17 11 0 6 25 0 0 20 0 12 2 16 23 7
0 12 2 0 0 14 3 9 18 8 10 24 0 4 13 0 0 0 0 0 0 0 15 0 0
0 25 0 15 20 7 12 2 16 0 14 0 9 18 0 0 24 0 4 0 5 0 11 1 6
6 5 0 11 1 22 0 21 0 0 7 12 0 16 23 14 3 9 18 0 0 0 19 0 0
0 0 0 19 0 0 0 0 0 1 0 25 0 0 20 0 0 0 0 0 0 0 0 0 0
8 14 0 9 0 0 10 24 0 0 6 5 17 0 0 22 25 21 0 20 0 12 2 0 23
23 7 12 2 0 8 14 0 0 0 0 10 24 19 4 6 5 17 0 1 0 25 0 0 20
0 22 0 0 0 0 7 0 2 0 0 14 3 9 18 0 0 24 19 0 0 5 0 11 1
0 6 0 17 11 0 0 25 21 0 23 0 0 0 16 8 14 0 0 0 13 0 0 0 0
4 13 0 24 0 1 6 5 0 11 20 0 0 21 0 0 0 0 0 0 0 0 3 9 0
18 8 0 3 9 0 13 0 24 0 0 6 5 0 11 20 0 25 0 0 0 0 12 2 0
16 0 7 0 2 0 8 14 3 0 0 0 0 0 0 0 6 0 0 11 0 22 0 0 0
