0 0 21 0 0 25 18 0 12 11 0 0 8 10 19 9 17 0 0 7 0 0 1 24 6
6 0 16 1 24 3 0 0 2 14 25 0 0 12 11 0 22 8 0 19 0 17 0 13 0
0 0 17 0 13 6 0 0 1 24 3 0 0 2 14 25 0 0 0 0 0 22 8 10 19
19 4 22 8 10 0 0 0 23 0 6 0 0 1 0 3 5 21 2 0 0 18 15 12 0
0 0 18 15 0 19 0 22 8 10 7 9 0 23 13 6 0 16 0 24 3 0 0 2 0
0 3 5 21 0 0 25 0 0 12 19 0 22 8 10 7 0 17 0 0 0 0 0 0 24
24 0 0 0 0 0 0 0 21 0 0 25 0 15 12 0 0 22 8 0 7 9 0 23 0
13 0 0 0 23 0 0 20 0 1 14 0 5 0 0 0 0 18 0 12 19 0 22 0 0
0 0 0 22 8 0 7 0 17 23 0 6 20 0 1 0 0 0 21 2 11 0 0 15 0
0 0 25 0 0 10 0 0 22 8 0 0 0 17 23 24 6 20 16 1 14 3 5 0 2
2 0 0 0 21 0 11 25 0 0 10 0 4 0 8 13 7 9 17 0 0 0 20 0 0
1 0 6 0 0 2 0 3 5 0 0 0 25 0 15 10 0 0 0 8 0 7 0 0 0
23 0 7 0 17 1 24 6 20 0 0 14 0 0 0 12 11 25 0 15 0 19 4 22 8
0 10 19 0 22 23 0 7 0 0 0 24 6 20 0 0 14 0 0 0 0 0 25 18 0
0 0 11 25 0 8 10 19 4 0 23 0 0 9 0 0 24 0 0 0 0 14 0 0 0
0 2 14 3 5 15 12 0 0 18 8 10 0 4 22 0 0 7 0 17 0 0 0 0 16
16 0 24 6 0 0 0 0 3 0 0 0 0 25 18 8 10 19 4 0 0 0 0 9 17
0 0 13 7 9 0 1 24 0 0 0 2 14 3 0 15 12 0 0 18 0 10 0 4 0
0 8 10 0 4 17 23 0 0 0 16 1 0 0 20 0 2 14 3 5 15 0 0 25 18
18 0 0 0 25 0 8 0 19 0 17 0 0 0 9 16 1 0 0 0 0 0 14 0 0
5 0 0 14 3 0 15 12 11 25 0 8 10 19 0 0 23 0 0 0 16 1 24 0 0
20 16 0 24 0 5 21 0 14 3 18 15 0 11 25 0 8 0 19 4 0 23 0 7 0
0 17 0 13 0 0 0 1 0 6 5 0 2 14 0 0 15 0 11 25 22 0 0 0 0
0 0 8 0 19 0 17 23 13 7 20 0 0 0 6 5 0 2 14 0 0 0 12 11 0
25 18 0 12 0 4 22 0 10 19 0 17 0 13 0 20 16 0 0 0 5 0 0 14 0
