8 1 4 0 14 9 2 0 0 7 0 11 0 6 3 0
16 0 0 3 0 0 4 15 14 9 2 0 12 0 0 11
0 12 7 5 16 10 6 3 8 1 4 15 14 0 2 13
13 14 0 0 11 0 7 0 16 10 0 3 0 0 0 15
15 8 1 4 13 14 9 0 0 12 7 5 16 10 6 0
3 16 10 6 0 8 1 0 13 0 9 2 0 12 7 5
5 11 12 7 3 0 0 6 0 8 0 4 13 14 0 0
2 13 14 0 0 11 12 7 0 16 10 0 15 0 0 4
4 15 0 1 0 13 0 0 5 11 12 0 0 0 0 6
6 0 0 0 0 15 0 1 2 13 14 0 0 11 12 0
7 0 11 12 6 0 16 10 4 0 0 1 2 13 14 0
9 0 13 0 0 5 0 12 0 3 0 10 4 0 0 0
0 0 15 0 9 0 0 14 0 5 11 0 6 3 16 0
10 0 3 16 0 4 15 0 9 2 13 0 0 5 11 12
12 7 5 11 10 6 3 0 1 0 15 8 9 0 13 14
14 9 2 0 12 0 5 11 0 6 3 16 0 4 0 0
