16 15 11 12 0 0 6 8 2 0 0 3 10 7 14 5
5 0 7 14 0 15 11 12 0 0 0 0 0 1 4 0
3 2 1 4 5 10 7 14 16 15 11 0 13 9 6 0
0 13 9 6 3 0 0 0 0 0 0 14 16 0 0 12
0 16 15 11 0 0 9 0 3 0 1 4 0 10 7 0
14 5 10 0 12 16 15 0 0 0 0 6 0 2 0 4
4 3 2 0 0 0 10 7 12 16 15 11 8 0 0 6
6 8 0 9 0 3 2 0 14 5 0 0 12 0 15 11
11 0 0 15 6 8 13 0 0 3 2 0 14 5 0 0
7 14 5 10 11 0 16 15 6 8 13 9 4 0 2 0
1 4 0 0 7 0 5 0 11 12 16 0 6 8 13 9
9 0 8 13 1 4 3 2 0 0 0 10 11 12 16 15
15 11 0 0 0 0 8 13 0 0 0 2 7 0 0 10
0 0 14 5 0 0 0 16 9 6 8 13 1 4 0 0
2 1 4 3 10 7 14 5 15 0 0 16 9 0 8 0
13 9 6 0 2 1 4 3 0 7 14 5 15 0 0 16
