7 16 14 5 0 3 0 2 11 9 0 6 0 12 10 0
8 15 12 10 7 16 14 0 4 0 13 0 11 0 1 6
6 11 9 1 8 0 12 0 7 16 0 5 0 0 0 0
2 0 3 0 0 11 0 0 8 15 12 0 7 0 0 5
5 7 16 14 2 4 3 0 6 11 9 1 8 15 0 10
0 8 15 12 5 7 16 0 2 4 3 13 6 11 9 1
0 6 0 0 10 0 15 12 0 0 16 0 2 0 3 13
13 2 4 3 1 0 11 0 10 8 15 12 5 7 16 0
0 5 7 16 13 2 4 0 0 6 0 9 10 8 15 0
12 0 0 15 0 5 7 16 13 2 0 3 1 6 0 9
0 1 6 0 12 10 0 15 0 5 7 0 13 0 0 0
3 13 0 4 0 1 0 0 12 10 8 15 14 5 0 16
16 0 5 7 3 13 2 4 0 1 6 11 0 10 8 0
15 12 0 8 16 0 0 7 3 0 2 4 9 1 6 11
11 0 0 0 0 0 10 8 16 0 0 7 3 13 2 4
4 3 0 0 11 9 1 6 0 12 10 8 0 14 0 7
