0 13 0 12 2 6 10 9 1 3 0 0 16 11 8 0
14 16 11 8 0 0 4 12 2 6 10 9 1 0 0 15
15 1 3 0 0 0 11 0 5 13 0 12 0 0 0 9
9 2 0 0 0 1 0 7 14 16 0 8 5 13 4 0
0 5 0 0 9 0 0 0 15 0 0 0 0 16 0 0
0 14 0 11 0 0 0 4 9 0 0 0 0 1 0 0
0 0 0 3 0 14 0 11 0 5 13 4 9 2 6 10
10 0 0 0 0 15 1 0 8 0 16 0 0 0 13 4
0 12 5 0 0 9 2 0 7 15 0 0 0 0 0 0
0 0 14 0 4 12 0 13 0 9 0 6 7 15 0 3
3 0 0 1 0 0 0 0 0 12 5 0 10 9 2 6
6 10 0 2 3 7 15 0 0 8 14 16 0 0 5 0
13 4 0 5 6 10 0 0 3 7 0 0 0 8 14 0
16 0 8 0 13 0 12 0 0 10 9 0 3 0 15 1
1 0 0 0 16 0 0 0 13 4 12 5 0 0 9 0
0 6 10 9 0 3 0 0 0 0 0 14 0 4 0 5
