0 0 16 2 9 13 7 5 3 0 8 1 11 6 0 10
10 11 0 0 12 0 0 0 9 0 7 0 3 0 0 1
1 3 15 8 0 0 6 4 12 14 0 0 9 0 0 5
5 0 13 0 0 3 15 8 10 0 6 4 0 0 0 0
0 12 0 16 5 9 13 0 1 3 0 0 10 0 6 4
4 10 0 0 0 0 14 16 5 9 0 0 1 3 15 8
8 0 0 0 0 10 0 6 2 12 14 0 5 9 13 0
0 5 0 0 0 0 3 15 4 0 0 0 2 12 14 0
0 2 12 0 0 0 9 13 0 1 0 0 4 10 11 6
0 4 10 0 16 2 0 14 7 0 0 13 8 0 3 0
15 0 0 0 6 4 10 11 16 2 0 14 0 0 0 13
0 7 5 9 0 0 0 0 0 0 10 11 16 2 12 0
14 0 0 12 0 7 5 9 15 8 1 3 0 4 10 11
11 0 0 10 14 16 0 0 13 7 0 9 0 8 1 3
3 0 8 1 11 0 0 10 14 0 0 12 13 7 0 9
9 13 0 0 0 0 0 0 0 6 0 10 14 16 0 0
