0 0 0 0 0 0 0 15 0 21 0 24 0 7 8 17 16 0 14 4 1 0 0 9 2
0 0 10 13 0 11 20 12 6 0 23 3 15 18 0 0 0 5 0 8 17 16 25 0 0
4 0 0 25 14 0 0 10 13 0 11 20 0 6 22 23 3 0 0 21 19 24 5 7 8
8 19 24 0 0 0 17 16 0 14 2 1 10 13 9 11 20 12 6 0 23 3 15 18 21
0 23 0 15 0 0 0 24 5 7 4 0 0 25 0 0 1 0 0 9 0 20 0 6 0
22 11 0 0 0 21 0 0 0 18 0 19 0 0 7 4 17 0 25 14 2 0 10 0 9
9 0 0 10 13 0 11 20 12 0 21 23 3 15 18 8 0 24 5 0 0 17 16 0 14
0 0 17 16 25 0 0 0 10 0 22 0 0 12 6 0 23 0 0 0 8 0 24 0 7
7 0 19 0 0 14 0 17 0 0 9 2 1 0 13 0 11 0 0 0 21 23 3 0 18
0 0 0 3 0 7 0 19 0 5 0 0 17 0 25 0 0 1 10 13 22 11 20 12 6
6 22 11 0 0 18 21 23 0 15 7 8 19 0 0 0 4 0 0 25 0 0 0 10 13
0 9 0 0 10 6 22 11 0 12 18 0 23 3 0 0 0 0 24 5 14 4 17 0 25
0 14 4 0 16 0 0 2 1 10 0 0 11 0 0 18 0 0 0 15 7 8 19 24 0
5 7 0 19 24 0 0 0 0 0 13 9 2 1 0 0 22 11 20 12 0 0 23 0 15
15 0 21 23 3 5 0 0 0 24 25 14 4 0 0 0 0 2 0 10 6 22 11 20 0
0 6 22 11 20 15 0 0 23 3 5 7 8 0 0 0 14 0 0 16 13 0 0 0 0
0 13 0 2 1 0 0 22 11 0 0 18 21 23 0 0 0 8 19 24 0 14 4 17 16
0 0 14 4 17 0 13 0 2 0 0 0 22 11 20 0 18 21 23 3 5 0 8 0 24
24 0 0 8 19 0 25 14 0 0 0 0 9 0 1 0 0 22 0 20 15 0 21 23 3
3 0 0 0 23 0 5 7 8 19 16 25 14 4 17 10 0 9 0 0 0 6 0 11 20
20 12 0 0 11 3 0 18 0 0 0 0 7 8 19 0 0 14 4 17 0 0 9 2 1
1 0 0 0 2 0 12 0 22 0 0 15 0 21 23 0 0 0 8 19 0 25 14 4 0
17 16 25 14 0 0 10 13 9 2 20 12 6 22 0 0 15 0 0 0 24 5 7 8 19
0 24 0 7 8 17 16 25 14 0 1 0 0 0 2 20 12 6 22 0 0 0 18 21 0
23 3 0 18 0 19 24 0 7 0 17 16 0 14 4 1 0 0 9 0 0 0 0 0 11
