2 20 21 0 0 0 19 22 0 0 12 17 0 23 0 0 0 0 3 14 9 18 24 8 1
0 9 0 0 8 2 20 0 0 0 0 0 0 0 16 0 0 0 23 0 5 0 7 3 14
14 0 4 7 3 1 9 18 24 0 2 20 21 11 13 25 0 22 10 0 12 17 6 23 15
15 12 0 6 23 0 0 4 7 3 1 9 18 0 8 2 20 21 11 13 0 19 0 10 0
16 25 19 22 10 15 12 17 6 0 0 5 4 0 3 0 0 0 0 0 2 0 21 11 0
13 2 20 21 11 16 0 0 22 10 15 0 17 6 23 14 5 4 0 3 1 9 18 0 0
8 0 9 18 0 13 2 0 0 0 16 0 19 0 10 0 12 0 6 23 14 0 4 7 3
3 14 5 4 7 0 0 0 0 0 13 2 20 21 11 16 25 19 22 0 15 0 17 6 23
23 15 0 0 0 3 0 5 4 0 0 1 9 18 24 0 2 20 0 11 0 0 0 22 10
10 16 0 0 0 23 0 12 17 6 3 0 5 4 0 0 1 9 18 24 0 0 20 21 0
0 13 0 20 0 10 16 25 19 22 0 15 0 0 6 3 14 5 4 7 0 0 9 18 0
0 0 1 9 18 11 0 2 20 21 0 0 25 19 0 23 15 12 17 0 0 14 5 0 7
0 3 14 0 4 0 8 1 0 0 11 13 2 20 21 0 16 0 0 0 23 15 12 0 6
0 0 0 12 0 7 3 14 5 4 24 8 0 9 18 0 13 2 0 0 10 0 25 19 22
0 10 0 0 19 6 0 0 12 0 0 3 14 5 4 0 8 1 0 18 0 13 0 20 21
21 0 0 2 0 22 10 16 25 19 6 23 0 0 17 0 3 14 0 0 24 8 0 0 18
0 0 8 1 9 0 11 13 2 20 0 10 16 25 19 6 23 0 12 17 7 3 14 5 4
4 7 3 14 5 0 24 8 1 9 21 0 0 2 20 0 0 16 25 0 6 0 15 0 17
17 0 23 15 12 4 7 0 0 5 0 24 0 0 0 0 11 0 0 0 0 10 16 0 19
19 0 10 0 25 17 0 23 15 12 4 0 0 14 5 18 24 8 1 9 0 0 0 2 0
20 21 11 13 2 0 22 0 16 25 17 0 23 0 12 4 7 3 14 5 0 0 8 1 9
0 0 24 0 0 20 0 0 0 2 19 0 10 16 25 17 6 23 15 12 4 0 3 0 0
0 4 0 3 14 9 0 0 8 1 20 0 11 0 2 0 0 0 16 25 17 0 0 15 12
12 17 6 23 0 0 4 7 3 14 9 0 0 8 0 20 21 11 13 2 0 22 0 16 0
25 19 22 10 16 12 0 6 0 0 5 4 0 3 14 9 0 24 8 0 20 0 0 13 2
