4 7 0 3 22 15 0 0 0 23 0 0 21 0 0 18 24 0 0 9 1 0 19 2 16
16 0 20 0 2 4 7 0 3 0 15 0 8 13 23 5 10 0 0 6 0 0 25 11 0
9 0 24 25 11 16 0 20 0 0 4 7 0 3 22 15 12 8 13 0 5 10 21 0 6
6 5 0 21 17 0 18 24 25 11 0 1 20 19 0 4 7 14 3 22 15 12 8 0 23
0 15 0 8 13 6 0 10 0 17 0 18 24 25 0 0 1 20 19 2 0 0 14 3 0
22 4 7 14 3 0 15 12 0 13 6 5 10 0 0 0 18 24 25 0 16 0 20 19 2
0 0 0 0 19 22 4 7 14 3 23 15 0 8 13 0 5 0 21 0 0 18 0 25 0
0 9 18 24 0 0 16 1 0 19 0 4 0 14 0 23 15 12 0 0 0 5 0 21 17
0 0 5 0 21 0 9 18 24 0 2 0 1 20 19 0 4 0 0 3 0 0 0 0 13
13 23 0 0 0 17 0 5 10 21 11 0 0 24 0 0 16 0 0 0 22 0 0 0 0
3 22 4 7 14 13 23 0 12 8 17 6 0 10 21 11 0 0 24 25 2 16 0 0 19
19 0 16 1 0 3 22 0 7 14 13 23 15 0 8 17 0 5 10 21 11 0 18 0 25
25 11 0 18 0 0 2 0 1 0 3 0 4 7 14 13 23 0 0 8 0 0 0 0 21
21 0 0 5 10 25 0 0 0 0 19 2 16 0 20 3 22 0 7 14 0 0 15 0 8
8 13 23 0 12 0 0 6 5 10 25 0 9 18 0 19 0 0 0 20 3 22 0 0 0
14 3 0 0 7 8 13 0 0 12 0 17 6 5 0 25 11 9 18 24 19 0 16 1 0
20 0 2 16 1 14 0 22 4 7 0 0 23 15 0 0 17 6 5 0 25 11 9 0 0
24 25 0 9 18 20 19 2 16 1 14 0 22 0 0 8 0 0 0 12 21 0 6 0 10
10 21 17 6 5 0 25 11 0 18 0 19 0 16 1 0 3 22 0 7 0 13 23 15 0
0 8 0 0 15 10 0 0 6 5 24 25 11 9 0 20 0 2 16 0 14 0 22 4 0
7 14 3 22 4 0 8 13 0 15 10 21 17 6 5 0 0 0 9 18 0 19 2 16 0
0 20 0 0 16 7 14 3 0 4 0 8 13 0 15 10 21 17 0 0 24 0 0 9 18
18 24 0 0 0 0 20 19 0 0 0 0 3 0 4 12 0 0 0 15 0 0 17 6 5
5 10 0 17 6 18 0 0 0 9 0 0 0 0 0 0 0 0 22 4 0 8 13 0 15
0 0 8 13 0 0 0 21 17 6 0 24 0 11 0 1 20 0 2 16 0 0 3 22 0
