0 13 0 0 0 9 12 18 25 0 0 4 11 22 8 21 20 0 5 24 0 10 17 0 15
15 0 0 17 0 7 13 1 0 0 0 12 0 25 2 16 4 11 22 8 0 0 0 0 24
24 21 0 0 5 0 0 10 17 0 7 13 0 0 6 9 0 0 25 0 0 4 11 22 8
8 16 4 11 0 0 21 0 23 0 0 19 10 17 14 7 13 0 0 6 9 0 18 25 0
2 0 0 18 0 0 0 4 11 22 0 21 20 0 5 0 19 10 17 14 0 13 1 3 6
6 7 13 1 3 2 0 12 18 25 8 16 4 11 0 24 0 0 0 5 15 19 10 0 0
14 0 0 10 0 0 7 0 0 3 0 9 0 0 0 8 16 0 0 22 0 21 20 23 5
0 24 0 0 23 14 15 19 10 0 0 0 0 1 3 2 9 12 18 0 8 16 0 0 22
22 8 16 4 11 0 24 0 20 23 0 0 19 0 17 0 7 0 1 0 2 9 12 0 0
25 2 9 0 18 0 8 16 0 11 5 24 21 20 23 0 0 19 10 0 6 7 0 1 3
0 6 0 13 1 25 2 0 12 18 0 0 0 0 0 0 24 21 20 0 0 0 19 10 0
17 0 15 19 10 0 6 0 13 1 0 2 9 12 0 22 8 0 4 11 0 24 21 20 23
23 0 0 21 20 17 0 15 0 10 3 6 7 13 1 25 2 9 12 18 0 8 0 4 11
0 22 8 0 4 23 5 0 0 0 0 14 0 0 10 0 6 7 13 1 25 2 0 12 18
18 25 2 9 0 0 0 8 0 4 23 5 24 21 20 0 14 15 19 10 3 6 7 0 1
1 3 0 0 13 18 25 2 9 0 0 22 8 16 4 23 5 24 21 0 17 14 0 19 10
0 17 0 15 19 1 3 0 7 13 18 25 0 9 12 11 0 0 16 4 0 0 24 21 20
0 23 0 24 0 0 0 0 0 19 0 0 0 7 13 0 25 0 9 0 11 0 8 0 4
4 11 0 8 16 20 23 5 0 0 10 0 14 15 19 1 0 6 0 13 18 25 2 0 0
0 18 25 0 9 0 11 0 0 16 20 23 5 0 0 0 0 0 15 19 0 3 6 0 13
0 0 3 0 7 12 18 25 2 9 4 0 22 8 0 0 23 0 0 0 0 17 0 0 19
19 10 0 14 15 13 1 3 0 7 0 18 0 0 0 0 0 22 8 0 0 0 0 24 21
21 0 0 5 0 19 0 17 0 15 0 1 0 0 0 0 0 0 2 9 4 11 22 8 16
16 4 0 22 0 0 0 23 5 24 0 10 0 14 15 13 1 3 0 7 0 18 25 2 9
9 12 18 25 2 0 4 11 22 8 21 0 0 0 0 0 10 0 14 0 13 1 3 0 7
