11 0 10 14 0 21 8 2 0 1 4 22 23 9 0 0 0 19 0 0 0 0 20 3 13
13 0 12 20 0 11 0 10 14 5 0 0 2 17 0 0 0 0 0 0 25 6 19 7 0
16 25 0 19 7 0 18 12 0 3 0 15 10 14 0 21 8 2 0 1 0 22 23 9 0
24 0 0 23 9 0 25 6 19 0 13 18 0 0 0 11 15 0 14 5 0 8 0 17 0
1 0 8 0 17 0 4 22 23 9 16 25 6 0 7 0 18 12 0 3 0 15 10 14 0
5 0 15 10 0 1 0 8 2 17 24 4 22 0 9 0 25 6 19 7 13 18 0 0 0
3 0 0 0 0 5 11 15 10 0 1 0 8 0 0 24 4 22 0 9 16 0 0 19 0
7 16 25 6 19 0 13 18 0 20 0 11 0 0 14 0 21 8 2 17 24 4 22 0 9
0 24 0 22 23 7 0 25 6 19 0 0 0 12 20 5 0 0 10 14 0 0 8 0 17
0 0 21 8 2 9 0 4 22 23 7 0 25 6 19 3 0 18 0 0 0 11 0 0 14
0 0 11 0 0 17 1 0 0 2 9 24 0 22 23 7 16 0 6 19 0 13 18 0 20
0 0 13 0 12 0 0 11 15 0 0 1 0 8 2 9 24 4 0 0 7 0 25 0 19
0 0 16 25 6 0 3 0 18 12 14 5 11 15 0 0 1 21 8 2 9 0 0 0 23
23 0 0 4 0 19 7 16 0 6 0 3 13 0 0 14 0 0 15 10 0 1 0 0 0
2 17 1 21 8 0 9 0 4 22 19 7 16 0 6 20 3 0 18 12 14 0 0 0 0
0 14 0 11 0 0 17 1 21 8 23 0 0 0 22 0 7 16 25 0 20 3 0 0 12
0 0 3 13 18 0 14 5 0 15 2 17 1 21 8 23 9 24 0 22 19 7 16 0 6
0 19 7 16 25 12 20 0 0 18 10 14 5 11 0 2 17 1 21 8 23 9 0 0 22
22 0 0 24 0 0 19 7 16 0 0 0 3 0 18 0 0 0 11 15 0 0 1 0 0
8 2 0 1 0 0 0 0 24 4 6 0 7 16 25 12 20 3 13 18 0 14 5 11 0
15 0 14 5 11 0 0 17 1 0 22 23 0 24 4 0 19 0 0 25 12 0 3 13 0
18 12 20 3 13 15 10 14 5 11 8 2 0 0 21 0 0 9 24 4 6 19 7 16 25
25 6 19 7 16 18 12 20 3 13 0 10 0 0 11 8 0 0 0 21 0 23 9 0 4
4 22 23 9 0 25 6 0 0 0 0 0 20 3 13 15 10 14 0 0 0 2 0 1 21
21 8 0 17 0 4 22 23 9 24 0 0 19 7 0 0 12 0 3 0 15 10 14 0 11
